title,link,text,language,family
Music of the Democratic Republic of the Congo - Wikipedia,https://en.m.wikipedia.org/wiki/Music_of_the_Democratic_Republic_of_the_Congo,"Congolese music incorporates a variety of musical traditions. [1][2] The traditional music serves as entertainment and as a means of expressing customs, emotions, and social values, with each ethnic group developing its own styles of singing, dancing, and vocal expression, which are typically performed at important ceremonies such as births ...",Dza,Niger-Congo
Music of Niger - Wikipedia,https://en.m.wikipedia.org/wiki/Music_of_Niger,"The Music of Niger has developed from the musical traditions of a mix of ethnic groups: Hausa, the Zarma – Songhai, Tuareg, Fula, Kanuri, Toubou, Diffa Arabs and Gurma, as well as the Boudouma from Lake Chad.",Dza,Niger-Congo
Music of the Democratic Republic of the Congo - Wikipedia,https://en.wikipedia.org/wiki/Music_of_the_Democratic_Republic_of_the_Congo,"Congolese music incorporates a variety of musical traditions. [1][2] The traditional music serves as entertainment and as a means of expressing customs, emotions, and social values, with each ethnic group developing its own styles of singing, dancing, and vocal expression, which are typically performed at important ceremonies such as births ...",Dza,Niger-Congo
Music of Niger - Wikipedia,https://en.wikipedia.org/wiki/Music_of_Niger,"The Music of Niger has developed from the musical traditions of a mix of ethnic groups: Hausa, the Zarma – Songhai, Tuareg, Fula, Kanuri, Toubou, Diffa Arabs and Gurma, as well as the Boudouma from Lake Chad.",Dza,Niger-Congo
Dza - YouTube Music,https://music.youtube.com/channel/UCgc0DJV8UzLDpy8qnc2DopQ,"Listen to music from Dza on YouTube Music - a dedicated music app with official songs, music videos, remixes, covers, and more.",Dza,Niger-Congo
Congo Songs 2026 ★ Top Congolese Music Playlist - YouTube,https://www.youtube.com/playlist?list=PLg48S-qywklteibKVsdVfrThl1LjR03Gh,"Music is life that's why our hearts have beats, WhatsApp me For Promo +250788846368 If you like This playlist, please save it. This congolese playlist is upd...",Dza,Niger-Congo
Niger-Congo - playlist by Music League | Spotify,https://open.spotify.com/playlist/019q9C3E9hw4uS6dvTepzx,"Playlist · Niger-Congo · 22 items · 4 saves Cookies, device or similar online identifiers together with other information (e.g. browser type and information, language, screen size, supported technologies, etc.) can be stored or read on your device to recognise it each time it connects to an app or to a website, for one or several of the purposes presented here.",Dza,Niger-Congo
"Congolese Music - Free Mp3 Downlaods, Music Charts, Songs ...",https://www.afrocharts.com/country?id=cod,"Stream & Download Congolese Music for Free on AfroCharts - Free MP3 download, Congolese Top Music Charts, Congolese Artists, Congolese Songs, Playlists",Dza,Niger-Congo
Congo All Songs - DJ Mwanga,https://djmwanga.com/tag/congo,"Jul 31, 2023 · Congo All Songs Audio and Video, Stream download now nyimbo mpya za Congo All Songs latest mp3, mp4 and albums.",Dza,Niger-Congo
Most Popular Congolese Songs - Congolese Greatest Hits (Best of ...,https://www.redlist.com/playlist/75549,"Immerse yourself in the vibrant energy and dynamic rhythms of Congolese music with this specially curated playlist. Each song tells a story, carrying the rich heritage and expressive artistry of Congo. Feel the beating drums, melodious guitars, and expressive vocals that define this unique musical landscape.",Dza,Niger-Congo
